103191
103202
103215
103231
104024
104032
104074
104081
104133
104162
104191
104251
104292
104331
104363
104374
104411
104511
104572
104622
104692
104712
104782
104792
104801
104831
104853
104882
104971
1050012
1050021
1050032
1050042
1050043
1050044
1050061
1050064
1050081
1050094
1050103
1050113
1050122
1050133
1050134
1050142
1050144
1050163
1050173
1050193
1050203
1050221_1
1050225_1
1050234
1050252_1
1050261
1050272
1050272_1
1050273_1
1050292_1
1050311
105032
1050324
1050341
1050342
1050364
1050431
1050462
1050471
1050481
1050502
1050503
1050512
1050571
1050591
1050621
1050632
1050711
1050753
1050811
1050951
105102
1051023
1051051
1051093
1051171
1051232
1051311
1051451
1051481
1051551
1051583
105172
1051761
1051851
1051901
105202
105203
105204
1052112
1052142
1052161
1052231
1052261
1052262
1052471
1052484
1052582
1052601
1052631
1052641
1052643
1053261
1053334
1053412
1053453
1053562
1053671
1053841
1054001
1054021
1054151
1054221
